146900
118100
98900
91800
98000
116700
145500
180700
216300
246200
264100
265300
247600
211800
162200
105700
50700
5200
-25000
-37800
-35600
-25100
-16000
-18700
-42000
-90700
-164100
-256000
-355400
-449200
-525300
-575800
-599600
-603100
-599900
-607700
-644500
-724000
-851300
-1020100
-1212000
-1398600
-1545600
-1618600
-1589900
-1443800
-1180800
-818500
-389600
62700
491600
853900
1116900
1263000
1291700
1218700
1071700
885100
693200
524400
397100
317600
280800
273000
276200
272700
248900
198400
122300
28500
-70900
-162800
-236200
-284900
-308200
-310900
-301800
-291300
-289100
-301900
-332100
-377600
-432600
-489100
-538700
-574500
-592200
-591000
-573100
-543200
-507600
-472400
-443600
-424900
-418700
-425800
-445000
-473800
-326900
-326900
-326900
-326900
-326900
-326900
-326900
-326900
-326900
-326900
-326900
-326900
-326900
-326900
-326900
-326900
-326900
-326900
-326900
-326900
-326900
-326900
-326900
-326900
-326900
-326900
-326900
-326900
-326900
-326900
-326900
-326900
-326900
-326900
-326900
-326900
-326900
-326900
-326900
-326900
-326900
-326900
-326900
-326900
-326900
-326900
-326900
-326900
-326900
-326900
-326900
-326900
-326900
-326900
-326900
-326900
-326900
-326900
-326900
-326900
-326900
-326900
-326900
-326900
-326900
-326900
-326900
-326900
-326900
-326900
-326900
-326900
-326900
-326900
-326900
-326900
-326900
-326900
-326900
-326900
-326900
-326900
-326900
-326900
-326900
-326900
-326900
-326900
-326900
-326900
-326900
-326900
-326900
-326900
-326900
-326900
-326900
-326900
-326900
-326900
-326900
-326900
-326900
-326900
-326900
-326900
-326900
-326900
-326900
-326900
-326900
-326900
-326900
-326900
-326900
-326900
-326900
-326900
-326900
-326900
-326900
-326900
-326900
-326900
-326900
-326900
-326900
-326900
-326900
-326900
-326900
-326900
-326900
-326900
-326900
-326900
-326900
-326900
-326900
-326900
-326900
-326900
-326900
-326900
-326900
-326900
-326900
-326900
-326900
-326900
-326900
-326900
-326900
-326900
-326900
-326900
-326900
-326900
-326900
-326900
-326900
-326900
-326900
-326900
-326900
-326900
-326900
-326900
-326900
-326900
-326900
-326900
-326900
-326900
-326900
-326900
-326900
-326900
-326900
-326900
-326900
-326900
-326900
-326900
-326900
-326900
-326900
-326900
-326900
-326900
-326900
-326900
-326900
-326900
-326900
-326900
-326900
-326900
-326900
-326900
-326900
-326900
-326900
-326900
-326900
-326900
-326900
-326900
-326900
-326900
-326900
-326900
-326900
-326900
-326900
-326900
-326900
-326900
-326900
-326900
-326900
-326900
-326900
-326900
-326900
-326900
-326900
-326900
-326900
-326900
-326900
-326900
-326900
-326900
-326900
-326900
-326900
-326900
-326900
-326900
-326900
-326900
-326900
-326900
-326900
-326900
-326900
-326900
-326900
-326900
-326900
-326900
-326900
-326900
-326900
-326900
-326900
-326900
-326900
-326900
-326900
-326900
-326900
-326900
-326900
-326900
-326900
-326900
-326900
-326900
-326900
-326900
-326900
-326900
-326900
-326900
-326900
-326900
-326900
-326900
-326900
-326900
-326900
-326900
-326900
-326900
-326900
-326900
-326900
-326900
-326900
-326900
-326900
-326900
-326900
-326900
-326900
-326900
-326900
-326900
-326900
-326900
-326900
-326900
-326900
-326900
-326900
-326900
-326900
-326900
-326900
-326900
-326900
-326900
-326900
-326900
-326900
-326900
-326900
-326900
-326900
-326900
-326900
-326900
-326900
-326900
-326900
-326900
-326900
-326900
-326900
-326900
-326900
-326900
-326900
-326900
-326900
-326900
-326900
-326900
-326900
-326900
-326900
-326900
-326900
-326900
-326900
-326900
-326900
-326900
-326900
-326900
-326900
-326900
-326900
-326900
-326900
-326900
-326900
-326900
-326900
-326900
-326900
-326900
-326900
-326900
-326900
-326900
-326900
-326900
-326900
-326900
-326900
-326900
-326900
-326900
-326900
-326900
-326900
-326900
-326900
-326900
-326900
-326900
-326900
-326900
-326900
-326900
-326900
-326900
-326900
-326900
-326900
-326900
-326900
-326900
-326900
-326900
-326900
-326900
-326900
-326900
-326900
-326900
-326900
-326900
-326900
-326900
-326900
-326900
-326900
-326900
-326900
-326900
-326900
-326900
-326900
-326900
-326900
-326900
-326900
-326900
-326900
-326900
-326900
-326900
-326900
-326900
-326900
-326900
-326900
-326900
-326900
-326900
-326900
-326900
-326900
-326900
-326900
-326900
-326900
-326900
-326900
-326900
-326900
-326900
-326900
-326900
-326900
-326900
-326900
-326900
-326900
-326900
-326900
-326900
-326900
-326900
-326900
-326900
-326900
-326900
-326900
-326900
-326900
-326900
-326900
-326900
-326900
-326900
-326900
-326900
-326900
-326900
-326900
-326900
-326900
-326900
-326900
-326900
-326900
-326900
-326900
-326900
-326900
-326900
-326900
-326900
-326900
-326900
-326900
-326900
-326900
-326900
-326900
-326900
-326900
-326900
-326900
-326900
-326900
-326900
-326900
-326900
-326900
-326900
-326900
-326900
-326900
-326900
-326900
-326900
-326900
-326900
-326900
-326900
-326900
-326900
-326900
-326900
-326900
-326900
-326900
-326900
-326900
-326900
-326900
-326900
-326900
-326900
-326900
-326900
-326900
-326900
-326900
-326900
-326900
-326900
-326900
-326900
-326900
-326900
-326900
-326900
-326900
-326900
-326900
-326900
-326900
-326900
-326900
-326900
-326900
-326900
-326900
-326900
-326900
-326900
-326900
-326900
-326900
-326900
-326900
-326900
-326900
-326900
-326900
-326900
-326900
-326900
-326900
-326900
-326900
-326900
-326900
-326900
-326900
-326900
-326900
-326900
-326900
-326900
-326900
-326900
-326900
-326900
-326900
-326900
-326900
-326900
-326900
-326900
-326900
-326900
-326900
-326900
-326900
-326900
-326900
-326900
-326900
-326900
-326900
-326900
-326900
-326900
-326900
-326900
-326900
-326900
-326900
-326900
-326900
-326900
-326900
-326900
-326900
-326900
-326900
-326900
-326900
-326900
-326900
-326900
-326900
-326900
-326900
-326900
-326900
-326900
-326900
-326900
-326900
-326900
-326900
-326900
-326900
-326900
-326900
-326900
-326900
-326900
-326900
-326900
-326900
-326900
-326900
-326900
-326900
-326900
-326900
-326900
-326900
-326900
-326900
-326900
-326900
-326900
-326900
-326900
-326900
-326900
-326900
-326900
-326900
-326900
-326900
-326900
-326900
-326900
-326900
-326900
-326900
-326900
-326900
-326900
-326900
-326900
-326900
-326900
-326900
-326900
-326900
-326900
-326900
-326900
-326900
-326900
-326900
-326900
-326900
-326900
-326900
-326900
-326900
-326900
-326900
-326900
-326900
-326900
-326900
-326900
-326900
-326900
-326900
-326900
-326900
-326900
-326900
-326900
-326900
-326900
-326900
-326900
-326900
-326900
-326900
-326900
-326900
-326900
-326900
-326900
-326900
-326900
-326900
-326900
-326900
-326900
-326900
-326900
-326900
-326900
-326900
-326900
-326900
-326900
-326900
-326900
-326900
-326900
-326900
-326900
-326900
-326900
-326900
-326900
-326900
-326900
-326900
-326900
-326900
-326900
-326900
-326900
-326900
-326900
-326900
-326900
-326900
-326900
-326900
-326900
-326900
-326900
-326900
-326900
-326900
-326900
-326900
-326900
-326900
-326900
-326900
-326900
-326900
-326900
-326900
-326900
-326900
-326900
-326900
-326900
-326900
-326900
-326900
-326900
-326900
-326900
-326900
-326900
-326900
-326900
-326900
-326900
-326900
-326900
-326900
-326900
-326900
-326900
-326900
-326900
-326900
-326900
-326900
-326900
-326900
-326900
-326900
-326900
-326900
-326900
-326900
-326900
-326900
-326900
-326900
-326900
-326900
-326900
-326900
-326900
-326900
-326900
-326900
-326900
-326900
-326900
-326900
-326900
-326900
-326900
-326900
-326900
-326900
-326900
-326900
-326900
-326900
-326900
-326900
-326900
-326900
-326900
-326900
-326900
-326900
-326900
-326900
-326900
-326900
-326900
-326900
-326900
-326900
-326900
-326900
-326900
-326900
-326900
-326900
-326900
-326900
-326900
-326900
-326900
-326900
-326900
-326900
-326900
-326900
-326900
-326900
-326900
-326900
-326900
-326900
-326900
-326900
-326900
-326900
-326900
-326900
-326900
-326900
-326900
-326900
-326900
-326900
-326900
-326900
-326900
-326900
-326900
-326900
-326900
-326900
-326900
-326900
-326900
-326900
-326900
-326900
-326900
-326900
-326900
-326900
-326900
-326900
-326900
-326900
-326900
-326900
-326900
-326900
-326900
-326900
-326900
-326900
-326900
-326900
-326900
-326900
-326900
-326900
-326900
-326900
-326900
-326900
-326900
-326900
-326900
-326900
-326900
-326900
-326900
-326900
-326900
-326900
-326900
-326900
-326900
-326900
-326900
-326900
-326900
-326900
-326900
-326900
-326900
-326900
-326900
-326900
-326900
-326900
-326900
-326900
-326900
-326900
-326900
-326900
-326900
-326900
-326900
-326900
-326900
-326900
-326900
-326900
-326900
-326900
-326900
-326900
-326900
-326900
-326900
-326900
-326900
-326900
-326900
-326900
-326900
-326900
-326900
-326900
-326900
-326900
-326900
-326900
-326900
-326900
-326900
-326900
-326900
-326900
-326900
-326900
-326900
-326900
-326900
-326900
-326900
-326900
-326900
-326900
-326900
-326900
-326900
-326900
-326900
-326900
-326900
-326900
-326900
-326900
-326900
-326900
-326900
-326900
-326900
-326900
-326900
-326900
-326900
-326900
-326900
-326900
-326900
-326900
-326900
-326900
-326900
-326900
-326900
-326900
-326900
-326900
-326900
-326900
-326900
-326900
-326900
-326900
-326900
-326900
-326900
-326900
-326900
-326900
-326900
-326900
-326900
-326900
-326900
-326900
-326900
-326900
-326900
-326900
-326900
-326900
-326900
-326900
-326900
-326900
-326900
-326900
-326900
-326900
-326900
-326900
-326900
-326900
-326900
-326900
-326900
-326900
-326900
-326900
-326900
-326900
-326900
-326900
-326900
-326900
-326900
-326900
-326900
-326900
-326900
-326900
-326900
-326900
-326900
-326900
-326900
-326900
-326900
-326900
-326900
-326900
-326900
-326900
-326900
-326900
-326900
-326900
-326900
-326900
-326900
-326900
-326900
-326900
-326900
-326900
-326900
-326900
-326900
-326900
-326900
-326900
-326900
-326900
-326900
-326900
-326900
-326900
-326900
-326900
-326900
-326900
-326900
-326900
-326900
-326900
-326900
-326900
-326900
-326900
-326900
-326900
-326900
-326900
-326900
-326900
-326900
-326900
-326900
-326900
-326900
-326900
-326900
-326900
-326900
-326900
-326900
-326900
-326900
-326900
-326900
-326900
-326900
-326900
-326900
-326900
-326900
-326900
-326900
-326900
-326900
-326900
-326900
-326900
-326900
-326900
-326900
-326900
-326900
-326900
-326900
-326900
-326900
-326900
-326900
-326900
-326900
-326900
-326900
-326900
-326900
-326900
-326900
-326900
-326900
-326900
-326900
-326900
-326900
-326900
-326900
-326900
-326900
-326900
-326900
-326900
-326900
-326900
-326900
-326900
-326900
-326900
-326900
-326900
-326900
-326900
-326900
-326900
-326900
-326900
-326900
-326900
-326900
-326900
-326900
-326900
-326900
-326900
-326900
-326900
-326900
-326900
-326900
-326900
-326900
-326900
-326900
-326900
-326900
-326900
-326900
-326900
-326900
-326900
-326900
-326900
-326900
-326900
-326900
-326900
-326900
-326900
-326900
-326900
-326900
-326900
-326900
-326900
-326900
-326900
-326900
-326900
-326900
-326900
-326900
-326900
-326900
-326900
-326900
-326900
-326900
-326900
-326900
-326900
-326900
-326900
-326900
-326900
-326900
-326900
-326900
-326900
-326900
-326900
-326900
-326900
-326900
-326900
-326900
-326900
-326900
-326900
-326900
-326900
-326900
-326900
-326900
-326900
-326900
-326900
-326900
-326900
-326900
-326900
-326900
-326900
-326900
-326900
-326900
-326900
-326900
-326900
-326900
-326900
-326900
-326900
-326900
-326900
-326900
-326900
-326900
-326900
-326900
-326900
-326900
-326900
-326900
-326900
-326900
-326900
-326900
-326900
-326900
-326900
-326900
-326900
-326900
-326900
-326900
-326900
-326900
-326900
-326900
-326900
-326900
-326900
-326900
-326900
-326900
-326900
-326900
-326900
-326900
-326900
-326900
-326900
-326900
-326900
-326900
-326900
-326900
-326900
-326900
-326900
-326900
-326900
-326900
-326900
-326900
-326900
-326900
-326900
-326900
-326900
-326900
-326900
-326900
-326900
-326900
-326900
-326900
-326900
-326900
-326900
-326900
-326900
-326900
-326900
-326900
-326900
-326900
-326900
-326900
-326900
-326900
-326900
-326900
-326900
-326900
-326900
-326900
-326900
-326900
-326900
-326900
-326900
-326900
-326900
-326900
-326900
-326900
-326900
-326900
-326900
-326900
-326900
-326900
-326900
-326900
-326900
-326900
-326900
-326900
-326900
-326900
-326900
-326900
-326900
-326900
-326900
-326900
-326900
-326900
-326900
-326900
-326900
-326900
-326900
-326900
-326900
-326900
-326900
-326900
-326900
-326900
-326900
-326900
-326900
-326900
-326900
-326900
-326900
-326900
-326900
-326900
-326900
-326900
-326900
-326900
-326900
-326900
-326900
-326900
-326900
-326900
-326900
-326900
-326900
-326900
-326900
-326900
-326900
-326900
-326900
-326900
-326900
-326900
-326900
-326900
-326900
-326900
-326900
-326900
-326900
-326900
-326900
-326900
-326900
-326900
-326900
-326900
-326900
-326900
-326900
-326900
-326900
-326900
-326900
-326900
-326900
-326900
-326900
-326900
-326900
-326900
-326900
-326900
-326900
-326900
-326900
-326900
-326900
-326900
-326900
-326900
-326900
-326900
-326900
-326900
-326900
-326900
-326900
-326900
-326900
-326900
-326900
-326900
-326900
-326900
-326900
-326900
-326900
-326900
-326900
-326900
-326900
-326900
-326900
-326900
-326900
-326900
-326900
-326900
-326900
-326900
-326900
-326900
-326900
-326900
-326900
-326900
-326900
-326900
-326900
-326900
-326900
-326900
-326900
-326900
-326900
-326900
-326900
-326900
-326900
-326900
-326900
-326900
-326900
-326900
-326900
-326900
-326900
-326900
-326900
-326900
-326900
-326900
-326900
-326900
-326900
-326900
-326900
-326900
-326900
-326900
-326900
-326900
-326900
-326900
-326900
-326900
-326900
-326900
-326900
-326900
-326900
-326900
-326900
-326900
-326900
-326900
-326900
-326900
-326900
-326900
-326900
-326900
-326900
-326900
-326900
-326900
-326900
-326900
-326900
-326900
-326900
-326900
-326900
-326900
-326900
-326900
-326900
-326900
-326900
-326900
-326900
-326900
-326900
-326900
-326900
-326900
-326900
-326900
-326900
-326900
-326900
-326900
-326900
-326900
-326900
-326900
-326900
-326900
-326900
-326900
-326900
-326900
-326900
-326900
-326900
-326900
-326900
-326900
-326900
-326900
-326900
-326900
-326900
-326900
-326900
-326900
-326900
-326900
-326900
-326900
-326900
-326900
-326900
-326900
-326900
-326900
-326900
-326900
-326900
-326900
-326900
-326900
-326900
-326900
-326900
-326900
-326900
-326900
-326900
-326900
-326900
-326900
-326900
-326900
-326900
-326900
-326900
-326900
-326900
-326900
-326900
-326900
-326900
-326900
-326900
-326900
-326900
-326900
-326900
-326900
-326900
-326900
-326900
-326900
-326900
-326900
-326900
-326900
-326900
-326900
-326900
-326900
-326900
-326900
-326900
-326900
-326900
-326900
-326900
-326900
-326900
-326900
-326900
-326900
-326900
-326900
-326900
-326900
-326900
-326900
-326900
-326900
-326900
-326900
-326900
-326900
-326900
-326900
-326900
-326900
-326900
-326900
-326900
-326900
-326900
-326900
-326900
-326900
-326900
-326900
-326900
-326900
-326900
-326900
-326900
-326900
-326900
-326900
-326900
-326900
-326900
-326900
-326900
-326900
-326900
-326900
-326900
-326900
-326900
-326900
-326900
-326900
-326900
-326900
-326900
-326900
-326900
-326900
-326900
-326900
-326900
-326900
-326900
-326900
-326900
-326900
-326900
-326900
-326900
-326900
-326900
-326900
-326900
-326900
-326900
-326900
-326900
-326900
-326900
-326900
-326900
-326900
-326900
-326900
-326900
-326900
-326900
-326900
-326900
-326900
-326900
-326900
-326900
-326900
-326900
-326900
-326900
-326900
-326900
-326900
-326900
-326900
-326900
-326900
-326900
-326900
-326900
-326900
-326900
-326900
-326900
-326900
-326900
-326900
-326900
-326900
-326900
-326900
-326900
-326900
-326900
-326900
-326900
-326900
-326900
-326900
-326900
-326900
-326900
-326900
-326900
-326900
-326900
-326900
-326900
-326900
-326900
-326900
-326900
-326900
-326900
-326900
-326900
-326900
-326900
-326900
-326900
-326900
-326900
-326900
-326900
-326900
-326900
-326900
-326900
-326900
-326900
-326900
-326900
-326900
-326900
-326900
-326900
-326900
-326900
-326900
-326900
-326900
-326900
-326900
-326900
-326900
-326900
-326900
-326900
-326900
-326900
-326900
-326900
-326900
-326900
-326900
-326900
-326900
-326900
-326900
-326900
-326900
-326900
-326900
-326900
-326900
-326900
-326900
-326900
-326900
-326900
-326900
-326900
-326900
-326900
-326900
-326900
-326900
-326900
-326900
-326900
-326900
-326900
-326900
-326900
-326900
-326900
-326900
-326900
-326900
-326900
-326900
-326900
-326900
-326900
-326900
-326900
-326900
-326900
-326900
-326900
-326900
-326900
-326900
-326900
-326900
-326900
-326900
-326900
-326900
-326900
-326900
-326900
-326900
-326900
-326900
-326900
-326900
-326900
-326900
-326900
-326900
-326900
-326900
-326900
-326900
-326900
-326900
-326900
-326900
-326900
-326900
-326900
-326900
-326900
-326900
-326900
-326900
-326900
-326900
-326900
-326900
-326900
-326900
-326900
-326900
-326900
-326900
-326900
-326900
-326900
-326900
-326900
-326900
-326900
-326900
-326900
-326900
-326900
-326900
-326900
-326900
-326900
-326900
-326900
-326900
-326900
-326900
-326900
-326900
-326900
-326900
-326900
-326900
-326900
-326900
-326900
-326900
-326900
-326900
-326900
-326900
-326900
-326900
-326900
-326900
-326900
-326900
-326900
-326900
-326900
-326900
-326900
-326900
-326900
-326900
-326900
-326900
-326900
-326900
-326900
-326900
-326900
-326900
-326900
-326900
-326900
-326900
-326900
-326900
-326900
-326900
-326900
-326900
-326900
-326900
-326900
-326900
-326900
-326900
-326900
-326900
-326900
-326900
-326900
-326900
-326900
-326900
-326900
-326900
-326900
-326900
-326900
-326900
-326900
-326900
-326900
-326900
-326900
-326900
-326900
-326900
-326900
-326900
-326900
-326900
-326900
-326900
-326900
-326900
-326900
-326900
-326900
-326900
-326900
-326900
-326900
-326900
-326900
-326900
-326900
-326900
