3256
3679
4325
4870
5395
5908
6407
6952
7506
8038
8576
9108
9623
10141
10653
11185
11748
12282
12790
13305
13805
14315
14842
15370
15907
16454
16976
17478
17996
18508
19063
19610
20144
20664
21205
21718
22230
22760
23309
23879
24411
24915
25435
25960
26479
27020
27558
28092
28619
29129
29636
30159
30704
31244
31784
32304
32808
33324
33832
34345
34898
35447
35980
36488
36997
37507
38036
38562
39111
39653
40177
40685
41185
41694
42216
42761
43295
43821
44325
44844
45355
45873
46404
46959
47496
48006
48513
49027
49565
50099
50638
51175
51708
52226
52729
53244
53771
54327
54876
55403
55916
56427
56944
57470
58003
58554
59105
59628
60126
60644
61164
61693
62235
62766
63302
63819
64325
64829
65357
65888
66448
66986
67499
68008
68527
69041
69572
70110
70654
71185
71685
72172
72688
73219
73746
74289
74820
75329
75810
76348
76856
77393
77952
78486
79006
79509
80020
80537
81053
81581
82130
82664
83167
83661
84167
84666
85201
85739
86255
86764
87274
87778
88272
88781
89312
89861
90385
90883
91388
91900
92410
92927
93458
93988
94510
95011
95513
96013
96536
97061
97595
98113
98612
99115
99618
100126
100634
101173
101703
102213
102699
103199
103707
104221
104745
105282
105818
106338
106837
107336
107855
108386
108930
109471
109990
110504
111023
111534
112045
112584
113133
113680
114189
114680
115197
115718
116246
116776
117313
117834
118349
118855
119353
119887
120225
120834
121381
121911
122413
122943
123470
123995
124543
125107
125633
126132
126642
127156
127694
128231
128771
129322
129848
130350
130866
131396
131942
132501
133041
133552
134070
134580
134974
135598
136138
136682
137220
137727
138214
138733
139260
139794
140317
140852
141370
141884
142379
142894
143440
143984
144523
145049
145563
146073
146590
147114
147655
148203
148745
149268
149776
150285
150830
151386
151933
152476
153017
153545
154043
154566
155108
155660
156204
156743
157255
157773
158294
158817
159354
159901
160444
160958
161466
161978
162515
163061
163592
164141
164666
165169
165684
166208
166740
167300
167843
168361
168883
169384
169912
170447
170992
171537
172091
172607
173107
173611
174143
174689
175226
175760
176286
176810
177315
177820
178351
178887
179243
179874
180392
180893
181406
181927
182450
182976
183494
184022
184529
185027
185532
186067
186604
187135
187670
188182
188694
189212
189732
190273
190828
191365
191880
192387
192886
193419
193953
194481
195015
195558
196066
196558
197074
197590
198137
198674
199212
199733
200238
200743
201259
201794
202329
202879
203401
203905
204412
204929
205456
205970
206488
207001
207504
207985
208466
208950
209465
209977
210491
210984
211489
211978
212479
212981
213492
214040
214588
215117
215624
216138
216676
217216
217783
218340
218888
219401
219905
220429
220951
221490
222047
222594
223085
223598
224113
224596
225107
225638
226167
226666
227166
227657
228143
228644
229164
229686
230208
230554
231161
231656
232124
232616
233135
233637
